0 5 0 0.44 0.7 0.94
3 3 0 0.44 0.7 0.94
5 0 0 0.44 0.7 0.94
3 -3 0 0.44 0.7 0.94
0 -5 0 0.44 0.7 0.94
-3 -3 0 0.44 0.7 0.94
-5 0 0 0.44 0.7 0.94
-3 3 0 0.44 0.7 0.94
0 3 3 0.44 0.7 0.94
0 0 5 0.44 0.7 0.94
0 -3 3 0.44 0.7 0.94
0 -3 -3 0.44 0.7 0.94
0 0 -5 0.44 0.7 0.94
0 3 -3 0.44 0.7 0.94
2 3 2 0.44 0.7 0.94
4 0 4 0.44 0.7 0.94
2 -3 2 0.44 0.7 0.94
-2 -3 -2 0.44 0.7 0.94
-4 0 -4 0.44 0.7 0.94
-2 3 -2 0.44 0.7 0.94
-2 3 2 0.44 0.7 0.94
-4 0 4 0.44 0.7 0.94
-2 -3 2 0.44 0.7 0.94
2 -3 -2 0.44 0.7 0.94
4 0 -4 0.44 0.7 0.94
2 3 -2 0.44 0.7 0.94