0 5 4 0.53 0.08 0.87
3 3 4 0.53 0.08 0.87
5 0 4 0.53 0.08 0.87
3 -3 4 0.53 0.08 0.87
0 -5 4 0.53 0.08 0.87
-3 -3 4 0.53 0.08 0.87
-5 0 4 0.53 0.08 0.87
-3 3 4 0.53 0.08 0.87
0 3 7 0.53 0.08 0.87
0 0 9 0.53 0.08 0.87
0 -3 7 0.53 0.08 0.87
0 -3 1 0.53 0.08 0.87
0 0 -1 0.53 0.08 0.87
0 3 1 0.53 0.08 0.87
2 3 6 0.53 0.08 0.87
4 0 8 0.53 0.08 0.87
2 -3 6 0.53 0.08 0.87
-2 -3 2 0.53 0.08 0.87
-4 0 0 0.53 0.08 0.87
-2 3 2 0.53 0.08 0.87
-2 3 6 0.53 0.08 0.87
-4 0 8 0.53 0.08 0.87
-2 -3 6 0.53 0.08 0.87
2 -3 2 0.53 0.08 0.87
4 0 0 0.53 0.08 0.87
2 3 2 0.53 0.08 0.87